303
794
500 500
205 638
893 161
191 775
444 871
225 445
368 543
120 270
612 902
45 323
707 182
125 720
442 388
79 759
904 76
379 849
213 595
164 686
404 947
331 615
842 156
272 297
957 227
274 481
287 544
152 403
873 146
267 415
188 727
594 742
198 429
810 797
383 602
459 786
50 183
395 836
600 866
192 744
12 705
869 99
233 811
235 638
423 904
220 619
236 713
960 141
128 321
160 230
200 650
104 544
375 638
540 726
635 790
512 597
643 517
327 750
198 412
375 558
123 259
365 859
545 700
242 431
140 412
316 413
145 764
892 246
331 828
231 342
676 810
211 378
197 538
808 113
129 655
84 714
416 784
151 243
275 442
46 355
182 746
158 717
198 648
137 763
206 872
30 301
979 214
384 855
212 794
35 779
108 640
186 930
623 977
231 796
402 932
166 237
341 803
559 851
883 143
524 909
387 463
395 327
382 787
341 784
180 530
81 261
379 700
721 333
312 756
424 573
596 878
273 514
281 417
125 528
464 893
140 413
256 250
206 384
204 563
202 159
347 420
283 520
214 494
854 142
502 839
599 889
485 898
339 73
396 959
192 533
234 702
811 101
840 272
266 346
867 211
185 436
61 374
843 188
156 795
387 889
724 952
622 16
235 894
327 991
867 172
329 496
930 115
728 950
371 317
416 575
408 744
98 434
468 990
239 775
231 748
251 398
311 725
913 135
928 399
444 596
337 519
294 981
625 824
153 530
124 342
615 881
534 826
454 888
639 789
48 353
200 704
50 483
269 610
477 953
54 300
346 588
617 832
867 63
304 240
129 675
293 547
110 597
868 126
190 760
894 162
209 696
400 495
283 657
536 991
649 872
198 370
824 202
275 889
904 169
511 600
224 441
674 949
627 952
7 213
155 218
593 802
817 211
212 351
843 191
616 902
230 561
459 554
585 595
204 614
698 970
425 539
430 850
498 758
437 622
107 483
119 764
265 615
547 481
324 762
723 745
163 928
308 513
339 599
314 814
316 598
183 159
325 348
163 480
595 727
303 866
350 700
920 82
105 238
111 18
437 482
88 300
464 929
544 846
201 233
353 729
302 404
708 855
739 843
198 250
55 143
257 410
26 411
832 234
207 344
212 757
277 453
274 472
272 828
875 101
434 975
510 975
709 932
647 943
349 428
317 866
391 393
612 815
217 666
229 740
630 918
125 704
545 898
184 757
492 930
985 201
448 998
117 784
359 490
292 715
365 531
503 795
21 220
225 872
387 551
895 120
476 868
281 586
609 944
868 164
148 748
168 463
364 550
844 163
465 614
214 637
189 582
94 186
863 190
676 800
175 686
393 400
172 614
320 504
35 206
182 671
356 599
88 215
608 775
481 721
449 751
0 20 14 85 33 51 78 51 85 74 4 13 2 33 16 31 16 18 3 66 42 65 15 3 38 81 82 83 86 1 59 69 1 58 98 37 65 92 44 86 83 68 52 82 66 34 33 18 39 97 29 6 74 20 2 89 48 53 57 80 26 85 89 29 68 15 51 9 63 62 49 28 84 82 65 77 74 27 100 82 54 21 43 4 53 55 73 46 68 22 69 93 44 63 64 81 87 44 12 78 91 63 84 7 2 68 85 77 93 16 6 52 79 43 87 40 47 74 19 3 12 40 57 100 4 37 74 51 71 99 23 24 16 100 39 49 52 81 52 60 87 2 42 56 28 17 1 91 20 79 30 88 98 60 63 79 73 11 10 70 39 31 25 24 4 74 4 84 52 72 8 5 22 89 100 21 17 96 25 35 38 73 98 29 40 36 28 9 16 88 62 64 4 95 57 57 19 90 72 39 16 96 92 89 64 81 70 76 62 33 100 50 67 61 13 55 55 21 91 67 99 71 22 62 82 43 61 99 28 50 32 42 59 5 45 90 78 81 42 49 78 81 68 15 73 44 65 92 57 67 94 31 87 63 79 91 90 29 77 31 97 57 74 22 99 52 7 87 31 91 7 68 81 93 67 7 20 26 45 71 62 29 77 81 45 67 24 81 42 6 45 29 90 15 90 6 49 91 20 58 87 15 55 
