204
836
500 500
221 542
320 456
576 827
679 994
371 461
961 844
986 379
175 540
126 517
329 626
477 890
191 356
584 917
308 653
0 7
273 302
672 381
235 415
583 149
672 124
644 646
400 544
832 999
842 964
582 965
544 311
429 2
939 849
898 605
363 130
639 874
323 201
829 350
7 53
801 92
57 330
943 0
579 275
833 402
408 940
635 871
631 630
733 313
344 619
628 291
674 92
74 602
38 354
473 107
668 279
510 811
366 16
49 182
528 946
271 745
405 872
65 893
622 488
668 978
939 73
556 632
270 446
586 348
951 167
385 308
247 997
992 460
128 590
746 847
279 459
428 183
364 167
656 687
547 792
517 152
252 618
464 284
184 96
457 269
590 47
348 609
777 112
528 198
877 457
812 650
864 723
584 875
817 233
186 909
439 447
560 994
818 658
134 903
447 951
969 519
488 401
142 666
287 534
399 181
141 22
29 248
313 643
20 974
294 475
439 214
327 361
79 657
110 653
332 440
242 943
96 492
62 541
478 199
267 486
184 686
119 370
342 587
316 552
90 370
417 225
111 575
458 221
321 337
287 454
364 560
121 609
215 488
351 232
84 585
14 718
344 337
233 472
216 497
133 584
188 327
175 352
281 702
247 645
215 837
424 677
438 666
454 547
354 242
96 387
462 532
25 980
343 658
127 368
100 613
245 363
356 488
259 410
480 270
196 492
303 336
243 888
453 226
32 993
287 528
492 238
54 698
442 195
17 930
285 277
75 932
167 560
368 360
155 710
328 277
355 399
53 641
236 522
421 346
308 118
82 739
345 467
408 363
101 658
419 188
36 952
250 337
232 388
498 308
18 945
362 702
429 256
105 507
245 521
576 280
269 485
257 647
106 618
269 505
423 470
206 467
126 669
228 795
241 305
137 433
210 392
371 627
219 344
96 427
0 61 96 52 58 81 76 51 98 65 84 63 79 89 70 93 84 100 70 52 86 69 50 59 79 53 66 65 70 74 86 77 83 50 76 62 73 54 100 99 59 73 74 97 63 83 97 81 61 91 78 87 56 81 91 62 53 82 77 94 99 92 76 83 89 61 53 94 84 55 54 61 86 53 60 55 82 86 60 71 98 67 93 63 64 96 85 64 95 71 69 94 79 68 50 97 83 72 99 88 72 84 88 54 83 83 62 80 68 99 57 75 51 54 85 71 92 64 80 78 61 98 61 52 92 55 55 83 73 56 80 82 71 93 93 92 58 88 50 58 54 73 82 59 80 81 74 99 70 89 69 68 61 88 75 60 72 54 86 55 66 94 69 65 63 84 66 89 71 95 95 80 74 61 79 87 90 72 81 86 85 71 100 99 51 68 80 55 52 68 87 79 71 58 87 78 83 57 52 57 78 80 66 84 
