801 
20
0 0
674 825
549 534
43 315
542 420
45 580
180 450
369 618
287 721
36 426
680 338
42 81
942 119
247 68
432 549
514 857
554 976
103 728
271 73
310 859
874 538
358 642
989 42
538 271
854 443
596 563
827 228
380 40
152 224
726 258
981 544
600 381
629 799
488 12
100 542
37 272
847 980
949 124
787 917
111 958
571 968
2 409
95 2
318 447
271 856
873 697
34 274
733 17
620 125
611 334
66 848
507 711
993 152
596 683
605 980
372 833
968 699
36 620
518 566
138 457
828 421
467 39
626 645
192 923
56 363
252 349
202 896
999 331
843 462
83 975
475 135
601 55
578 43
480 854
124 825
121 228
355 326
291 944
784 563
260 251
472 918
193 715
539 592
794 290
930 315
190 654
429 292
79 779
931 409
114 765
948 685
550 915
383 979
127 64
541 935
218 159
396 194
216 85
106 843
174 744
782 117
699 379
497 355
87 161
558 199
721 10
18 53
704 674
443 783
755 58
928 666
347 805
360 600
101 119
938 556
422 848
934 275
391 807
712 230
908 359
992 823
80 246
367 837
865 661
67 146
956 582
977 663
930 343
896 542
631 472
62 636
817 759
914 195
46 591
102 825
822 527
763 684
975 128
26 941
314 34
787 474
512 291
718 832
244 931
534 425
585 799
513 990
641 633
254 283
448 389
702 44
109 823
402 190
184 314
26 270
333 949
132 174
203 842
182 78
575 723
807 656
745 757
320 523
175 626
488 947
376 858
540 797
52 401
441 748
491 459
398 734
202 560
636 652
813 892
403 311
201 878
245 641
894 2
515 142
701 895
143 590
612 652
650 986
932 420
410 762
676 219
174 236
204 25
828 312
120 96
409 434
405 549
379 787
810 191
129 755
499 596
754 620
937 430
61 519
29 34
843 640
520 251
385 685
619 501
239 564
908 111
234 353
467 896
742 499
277 981
194 265
851 885
850 444
131 847
806 302
627 401
267 788
805 211
61 985
729 142
402 812
956 593
907 977
670 71
863 184
74 25
741 581
38 919
963 467
979 558
916 241
4 676
217 612
311 756
235 42
815 106
848 461
46 198
460 210
293 234
274 248
986 983
800 608
342 852
623 95
258 221
420 244
444 16
223 518
821 540
939 766
157 549
106 921
961 583
925 959
619 540
507 97
790 509
404 252
44 843
363 737
752 492
352 216
226 577
817 913
115 221
200 58
38 628
711 595
479 404
332 129
929 145
93 139
269 260
583 421
424 47
715 796
240 26
743 62
633 515
528 202
976 456
54 828
739 497
191 890
384 316
713 629
502 205
563 779
205 892
368 18
766 621
207 679
506 481
622 691
946 987
890 793
182 900
530 981
540 313
78 213
456 978
99 363
623 878
448 422
379 61
792 953
347 720
373 793
330 512
22 7
445 147
431 90
517 208
659 423
724 233
906 970
476 43
522 237
571 317
280 476
571 424
885 129
452 500
743 544
493 777
976 918
412 154
686 502
762 39
473 60
570 414
201 567
226 169
12 159
627 681
589 346
563 637
678 455
361 119
849 338
776 929
511 327
128 163
183 433
697 48
3 800
361 10
499 410
601 34
73 124
908 439
136 356
203 835
355 733
221 582
961 627
661 144
875 331
455 290
104 892
281 548
378 180
329 906
41 229
320 770
191 805
767 162
72 237
491 176
716 497
391 682
828 526
457 274
934 814
33 480
765 225
337 209
903 78
223 461
668 475
201 270
261 879
697 920
152 937
573 385
724 568
892 43
159 283
931 623
585 768
449 408
459 705
203 692
215 862
712 480
150 407
274 443
565 501
230 119
157 111
481 368
662 102
252 72
737 554
111 96
110 348
232 480
970 989
910 901
598 686
327 371
267 682
571 194
383 829
897 166
869 417
244 30
809 255
4 177
340 996
32 602
793 712
916 104
77 731
489 744
330 707
600 540
803 954
123 430
998 17
229 468
67 511
897 279
448 185
680 762
752 263
724 44
911 15
29 685
563 589
972 125
696 82
61 393
536 881
963 57
690 225
759 430
535 47
468 19
860 45
810 233
753 13
217 331
747 415
106 630
207 218
389 952
974 969
242 335
249 118
118 982
741 606
15 459
52 684
990 159
325 995
926 999
123 903
544 369
582 67
676 344
793 276
774 131
447 520
675 775
723 323
624 108
431 317
531 961
401 76
493 604
125 188
558 463
646 587
736 62
698 127
270 234
100 418
154 568
396 895
890 116
740 150
509 345
42 516
837 341
363 882
9 260
543 783
238 33
101 723
823 319
376 753
421 707
912 300
564 169
101 247
418 767
79 258
806 598
857 357
465 7
718 756
571 33
858 934
498 115
270 966
837 44
897 98
659 168
6 579
33 841
846 736
792 131
524 301
545 773
154 997
945 365
248 354
206 831
351 798
868 116
936 974
809 145
542 321
515 23
167 912
594 490
910 515
542 619
855 937
758 776
217 592
810 821
735 333
950 557
305 532
880 441
877 400
771 528
592 578
520 681
175 953
276 21
574 742
199 633
852 821
476 514
326 299
589 781
960 350
830 120
0 291
65 496
877 905
753 97
329 24
207 545
811 359
113 342
120 573
295 581
298 609
731 893
763 273
816 651
702 61
880 426
719 232
955 689
715 141
788 762
34 817
105 22
857 788
134 359
831 163
361 870
975 958
553 819
807 673
19 838
746 121
130 380
741 511
80 424
173 767
906 426
990 111
748 520
92 895
371 978
986 670
929 905
661 524
974 197
742 652
732 747
870 188
612 890
348 284
973 109
34 437
137 997
474 63
665 444
300 335
856 104
866 249
528 91
140 964
25 937
848 367
486 786
857 918
357 860
823 709
162 150
77 809
516 380
772 832
387 199
261 767
619 645
754 57
692 838
193 932
738 941
406 976
811 360
487 965
396 197
444 940
182 954
85 539
70 483
161 570
447 194
757 845
692 506
930 251
950 549
601 86
143 117
698 634
238 877
543 987
761 809
494 134
562 925
838 282
834 210
926 436
375 833
568 225
106 594
675 986
835 632
144 83
272 373
4 496
299 740
805 641
482 600
255 448
834 470
117 696
837 469
345 585
703 523
476 565
893 816
271 417
877 492
605 578
156 613
607 721
527 358
54 581
591 478
7 37
529 997
705 436
110 166
702 173
962 671
262 521
82 75
1000 703
607 536
764 227
827 744
788 463
450 136
72 466
119 348
32 58
178 910
381 159
686 207
276 358
683 682
708 748
707 282
141 999
558 169
403 688
315 671
827 880
601 481
641 950
98 116
611 668
313 616
928 521
595 498
350 295
397 963
595 904
798 339
978 460
260 800
302 615
653 302
5 126
512 800
541 691
559 690
24 21
465 522
125 178
868 947
204 141
636 919
703 643
385 155
790 245
244 833
244 666
870 543
606 359
712 497
553 343
532 975
555 276
165 33
757 787
537 457
120 51
932 958
815 623
502 636
859 508
42 675
10 496
999 300
908 736
735 980
459 564
49 877
483 587
945 557
602 2
633 936
379 182
814 486
710 500
178 687
466 406
186 732
381 762
69 478
193 411
109 653
40 10
142 303
90 111
334 499
443 482
187 290
262 691
814 908
171 930
446 214
893 96
205 410
137 120
115 986
745 541
368 926
77 338
0 1 1 1 1 1 1 1 1 1 1 1 1 1 1 1 1 1 1 1 1 1 1 1 1 1 1 1 1 1 1 1 1 1 1 1 1 1 1 1 1 1 1 1 1 1 1 1 1 1 1 1 1 1 1 1 1 1 1 1 1 1 1 1 1 1 1 1 1 1 1 1 1 1 1 1 1 1 1 1 1 1 1 1 1 1 1 1 1 1 1 1 1 1 1 1 1 1 1 1 1 1 1 1 1 1 1 1 1 1 1 1 1 1 1 1 1 1 1 1 1 1 1 1 1 1 1 1 1 1 1 1 1 1 1 1 1 1 1 1 1 1 1 1 1 1 1 1 1 1 1 1 1 1 1 1 1 1 1 1 1 1 1 1 1 1 1 1 1 1 1 1 1 1 1 1 1 1 1 1 1 1 1 1 1 1 1 1 1 1 1 1 1 1 1 1 1 1 1 1 1 1 1 1 1 1 1 1 1 1 1 1 1 1 1 1 1 1 1 1 1 1 1 1 1 1 1 1 1 1 1 1 1 1 1 1 1 1 1 1 1 1 1 1 1 1 1 1 1 1 1 1 1 1 1 1 1 1 1 1 1 1 1 1 1 1 1 1 1 1 1 1 1 1 1 1 1 1 1 1 1 1 1 1 1 1 1 1 1 1 1 1 1 1 1 1 1 1 1 1 1 1 1 1 1 1 1 1 1 1 1 1 1 1 1 1 1 1 1 1 1 1 1 1 1 1 1 1 1 1 1 1 1 1 1 1 1 1 1 1 1 1 1 1 1 1 1 1 1 1 1 1 1 1 1 1 1 1 1 1 1 1 1 1 1 1 1 1 1 1 1 1 1 1 1 1 1 1 1 1 1 1 1 1 1 1 1 1 1 1 1 1 1 1 1 1 1 1 1 1 1 1 1 1 1 1 1 1 1 1 1 1 1 1 1 1 1 1 1 1 1 1 1 1 1 1 1 1 1 1 1 1 1 1 1 1 1 1 1 1 1 1 1 1 1 1 1 1 1 1 1 1 1 1 1 1 1 1 1 1 1 1 1 1 1 1 1 1 1 1 1 1 1 1 1 1 1 1 1 1 1 1 1 1 1 1 1 1 1 1 1 1 1 1 1 1 1 1 1 1 1 1 1 1 1 1 1 1 1 1 1 1 1 1 1 1 1 1 1 1 1 1 1 1 1 1 1 1 1 1 1 1 1 1 1 1 1 1 1 1 1 1 1 1 1 1 1 1 1 1 1 1 1 1 1 1 1 1 1 1 1 1 1 1 1 1 1 1 1 1 1 1 1 1 1 1 1 1 1 1 1 1 1 1 1 1 1 1 1 1 1 1 1 1 1 1 1 1 1 1 1 1 1 1 1 1 1 1 1 1 1 1 1 1 1 1 1 1 1 1 1 1 1 1 1 1 1 1 1 1 1 1 1 1 1 1 1 1 1 1 1 1 1 1 1 1 1 1 1 1 1 1 1 1 1 1 1 1 1 1 1 1 1 1 1 1 1 1 1 1 1 1 1 1 1 1 1 1 1 1 1 1 1 1 1 1 1 1 1 1 1 1 1 1 1 1 1 1 1 1 1 1 1 1 1 1 1 1 1 1 1 1 1 1 1 1 1 1 1 1 1 1 1 1 1 1 1 1 1 1 1 1 1 1 1 1 1 1 1 1 1 1 1 1 1 1 1 1 1 1 1 1 1 1 1 1 1 1 1 1 1 1 1 1 1 1 1 1 1 1 1 1 1 1 1 1 1 1 1 1 1 1 1 1 1 1 1 1 1 1 1 1 1 1 1 1 1 1 1 1 1 
