613
523
500 500
550 574
177 24
448 476
934 619
323 122
430 76
364 9
988 994
91 636
926 977
2 579
326 342
455 822
48 74
814 334
997 22
838 899
634 360
324 191
750 283
996 106
473 967
642 334
539 764
510 194
807 664
949 710
21 994
293 934
832 366
8 531
56 893
82 605
197 626
661 777
207 272
945 510
505 137
325 693
240 335
776 462
810 235
496 288
624 171
799 293
120 393
250 839
31 266
64 349
898 729
740 387
838 992
952 991
558 497
695 240
622 113
670 95
967 595
926 470
665 284
753 558
946 61
820 415
453 551
565 786
768 573
841 180
172 849
799 203
663 950
33 134
215 505
973 751
308 651
519 412
677 737
937 383
338 276
997 416
852 151
366 573
839 66
245 311
743 248
265 806
851 403
621 530
553 917
467 83
866 308
556 270
189 936
131 426
329 945
64 997
761 475
248 366
141 114
235 937
80 598
133 453
153 763
739 585
165 754
933 751
670 474
319 201
734 286
118 342
951 973
303 313
709 929
993 822
707 624
92 212
716 302
184 802
601 936
668 454
583 424
151 409
754 53
89 361
843 196
679 788
233 266
994 524
229 917
381 596
566 501
96 294
180 770
199 508
226 827
691 293
338 332
905 714
146 954
148 907
46 71
594 419
209 732
419 783
852 847
194 344
751 651
530 340
6 405
961 227
60 343
87 261
962 886
974 321
882 81
777 993
877 318
645 892
909 276
859 247
109 124
214 725
292 982
674 506
724 614
247 618
133 392
140 512
986 490
139 888
988 341
255 776
864 343
614 864
363 805
594 73
531 156
221 392
221 398
809 947
864 805
843 335
477 878
129 202
940 551
183 69
498 641
867 413
540 551
281 990
604 224
907 417
650 349
998 2
570 808
216 820
959 382
527 34
123 708
337 488
355 476
887 524
443 886
892 60
436 349
427 927
663 441
78 435
997 108
324 213
369 115
177 280
539 753
81 372
102 788
43 527
765 671
31 906
854 983
610 874
83 143
835 330
570 361
390 283
102 840
982 681
650 227
975 485
135 322
287 6
446 24
530 474
700 542
397 872
763 838
305 9
12 340
285 858
358 892
123 118
498 952
752 59
444 51
888 591
281 498
927 591
185 324
79 486
690 495
767 78
199 357
257 625
757 346
559 164
56 937
559 96
716 848
415 7
782 493
198 754
506 686
780 784
351 593
972 719
267 937
921 181
196 447
748 875
845 567
437 907
699 405
978 373
286 936
755 180
696 458
188 130
341 291
628 240
977 737
487 328
963 272
640 838
784 13
57 916
810 409
701 741
314 201
661 104
740 622
550 234
215 853
138 876
318 722
253 617
90 662
909 472
308 910
706 703
994 964
468 904
181 279
132 324
935 232
891 448
610 312
582 826
373 584
330 146
968 383
436 570
725 274
517 304
835 254
901 434
858 202
261 997
493 583
512 311
592 403
949 560
426 413
634 611
200 557
44 99
823 681
958 756
913 482
594 984
73 713
4 687
406 637
717 349
273 727
622 359
316 622
114 595
720 330
485 245
728 679
563 890
412 21
600 831
682 188
419 665
555 691
799 117
671 173
117 117
55 117
242 124
139 795
670 711
22 470
919 386
988 857
166 675
269 813
144 450
66 302
275 504
812 595
65 382
683 718
744 458
370 159
155 263
93 827
897 63
866 240
714 689
9 995
136 611
925 459
371 271
97 729
443 659
374 831
585 137
473 176
878 528
748 261
141 431
208 624
76 809
780 44
653 811
827 0
754 854
909 367
62 951
805 374
204 284
774 806
139 39
73 455
800 483
722 828
983 285
516 93
489 103
297 291
517 407
468 780
300 560
754 944
999 143
220 145
840 536
542 926
509 745
515 461
791 479
821 266
459 481
47 141
417 102
950 385
87 135
967 239
57 886
991 595
962 506
375 948
631 572
210 596
476 910
829 100
133 673
578 982
353 675
834 675
141 964
266 734
146 650
353 284
305 987
150 727
733 696
301 687
858 548
308 224
821 189
45 279
108 220
523 381
446 524
907 598
943 843
780 743
473 609
659 823
326 19
765 746
92 368
29 271
804 619
369 215
325 240
197 903
996 278
189 871
519 684
297 819
102 896
20 818
850 667
916 759
401 140
364 57
823 178
590 605
749 943
924 977
770 720
315 879
78 1
105 857
352 810
36 243
903 279
521 366
58 482
153 0
812 506
481 68
705 785
16 596
974 675
503 914
937 284
431 112
636 548
805 745
728 560
156 777
623 149
811 794
879 709
404 453
838 272
646 185
520 843
337 149
761 972
637 433
607 588
575 511
952 72
818 942
427 589
688 326
547 662
423 507
93 4
699 23
762 595
389 815
48 7
586 171
391 990
860 942
562 289
779 980
305 733
676 855
231 555
661 798
954 975
888 912
483 24
69 618
866 631
244 362
72 937
793 569
145 885
700 844
582 43
73 425
979 684
911 888
921 111
108 98
126 241
737 414
830 426
546 141
429 536
741 233
373 286
989 248
305 814
690 548
449 506
491 754
252 82
52 449
278 918
61 132
344 620
500 421
913 865
161 501
734 467
410 836
733 712
205 115
152 932
360 459
945 335
61 872
408 85
633 945
83 627
550 809
890 266
711 338
515 998
946 604
61 580
785 575
931 871
474 76
967 395
243 984
849 185
817 685
728 848
182 780
119 898
607 31
43 337
900 572
417 480
931 355
693 31
394 858
749 418
827 37
30 362
870 528
945 714
789 100
492 526
234 361
165 386
262 707
87 989
597 528
401 969
146 661
910 977
771 90
0 97 2 30 91 63 99 78 50 2 58 1 3 99 28 32 10 1 75 55 75 31 38 34 62 25 12 63 43 100 58 45 68 38 31 91 59 4 43 48 31 84 43 51 37 48 26 97 39 42 64 50 5 98 66 65 24 74 59 40 57 23 98 95 3 74 96 70 99 54 84 53 35 19 93 32 2 27 63 71 65 19 72 14 52 38 99 6 80 66 4 50 98 89 35 82 55 85 63 70 1 41 38 44 3 86 74 47 91 62 53 8 28 9 64 50 8 79 53 11 71 78 11 96 56 26 83 57 64 49 96 93 57 94 20 75 77 63 50 99 93 83 14 61 69 91 5 62 61 51 42 32 38 89 48 80 24 62 59 75 72 44 62 44 56 40 46 100 96 28 88 91 98 17 60 82 28 43 63 53 4 79 84 23 20 77 78 7 91 25 79 89 18 48 27 25 90 9 32 70 2 58 53 27 99 92 6 26 46 43 1 25 26 94 92 36 60 19 69 78 47 44 57 51 43 38 55 40 49 27 93 40 35 33 10 9 84 36 70 45 64 69 86 82 19 23 84 26 96 95 85 97 84 47 9 14 88 94 13 90 23 23 44 62 35 29 26 42 46 78 65 91 22 99 83 27 73 94 75 44 70 82 93 68 92 61 52 33 94 93 66 81 4 26 3 90 44 26 67 27 73 46 9 20 61 11 58 64 78 35 80 45 23 59 57 93 62 14 100 59 1 14 80 14 82 63 83 77 1 2 96 68 58 68 16 82 21 84 77 94 26 75 14 81 95 3 44 76 84 36 70 47 50 34 20 93 47 62 1 75 48 34 82 68 90 72 2 33 43 96 5 22 6 41 95 5 27 93 19 19 50 54 76 48 81 31 52 20 90 52 72 39 25 1 88 31 61 85 83 24 69 24 8 51 10 61 36 71 60 6 47 27 49 95 36 17 36 85 42 100 2 60 13 20 73 81 80 58 61 37 74 9 37 47 51 83 28 65 54 31 33 21 95 1 72 90 63 6 54 72 55 35 74 16 38 73 32 51 25 55 80 56 91 41 90 43 100 22 51 79 65 40 88 17 28 45 10 64 74 69 76 71 57 29 95 46 63 50 43 91 88 22 10 68 50 73 67 91 21 70 69 32 83 49 65 70 12 62 53 47 85 59 44 61 14 84 57 79 4 5 47 77 34 65 40 4 66 58 10 67 80 32 73 53 26 12 6 60 12 56 93 67 10 28 96 19 90 3 51 44 76 90 84 90 29 85 61 90 55 50 58 51 41 10 53 68 7 82 49 64 93 29 19 51 67 31 76 23 53 90 66 67 96 59 95 5 39 87 65 54 33 1 53 20 71 7 1 7 44 13 37 61 23 85 23 28 69 19 21 52 67 48 94 
