701
87
0 0
878 606
35 593
320 125
189 244
274 784
900 310
742 640
800 448
57 755
522 327
528 268
461 328
325 726
788 496
626 660
720 744
3 417
32 306
65 233
827 442
347 566
545 389
452 670
236 564
439 425
69 17
468 416
103 137
689 261
300 603
378 187
790 584
336 860
386 199
522 461
356 214
947 18
431 1000
817 983
71 731
918 54
989 840
260 262
904 724
970 295
567 694
426 75
24 178
656 590
128 178
969 965
309 968
855 798
587 48
118 736
838 354
274 298
311 702
183 963
392 495
950 484
621 676
52 482
956 934
745 263
289 149
689 900
216 107
852 560
45 441
638 84
66 842
290 815
68 509
521 672
100 855
408 483
491 455
536 563
114 255
383 536
902 19
964 423
610 39
719 961
837 83
657 185
289 599
747 259
292 168
552 548
560 212
128 950
211 939
160 473
32 550
353 65
995 695
72 691
19 172
237 657
994 883
457 195
35 32
425 288
12 586
560 747
302 972
891 540
812 30
206 371
241 223
436 508
601 81
298 860
977 911
188 304
545 745
318 269
839 548
107 557
262 668
824 424
859 540
477 909
323 639
954 411
271 682
412 518
751 85
922 84
13 661
354 560
524 576
522 565
228 552
573 723
71 320
627 736
760 323
668 714
777 669
685 750
654 333
63 754
477 613
224 523
662 829
515 78
962 282
351 237
737 451
605 442
472 449
249 840
537 728
244 611
205 27
681 545
921 582
171 870
810 570
487 331
451 822
453 518
888 770
85 443
895 651
984 369
494 962
973 891
721 160
989 256
638 621
223 951
602 835
516 523
780 864
991 664
914 45
949 533
335 946
6 338
234 558
491 163
170 763
77 45
845 26
681 306
107 355
593 124
231 497
881 371
420 399
17 680
581 906
783 782
334 715
395 79
285 579
908 478
532 760
847 460
438 733
102 417
645 136
71 222
337 978
44 67
760 84
849 533
984 810
738 919
918 985
533 824
579 119
14 972
609 859
560 291
32 686
35 244
280 871
940 401
452 680
790 271
832 824
765 381
653 162
594 601
114 661
702 726
649 586
594 299
433 966
499 695
159 291
261 445
46 465
479 816
108 11
898 637
667 524
46 379
120 371
133 485
958 649
182 943
23 384
426 116
36 988
945 828
350 956
560 676
975 826
972 624
836 379
149 821
295 92
977 685
917 843
137 226
477 858
256 630
235 922
292 81
449 829
179 845
136 84
713 592
94 858
697 981
165 188
326 480
750 434
836 453
574 982
386 481
705 190
203 945
816 604
975 849
703 397
483 904
47 84
503 851
438 468
937 42
629 845
209 270
61 456
906 841
624 195
662 907
673 555
307 43
296 837
253 75
829 599
138 159
617 363
710 107
37 564
974 967
759 756
580 848
260 64
466 4
596 890
745 159
411 858
847 81
207 27
912 418
859 340
425 770
375 325
114 18
923 49
87 908
84 327
219 869
378 164
800 100
22 470
417 894
952 3
105 215
80 581
728 532
823 527
625 890
854 377
500 240
126 833
560 23
138 966
909 990
447 664
187 283
435 345
460 767
325 901
362 602
448 905
485 74
754 65
19 676
583 926
646 430
678 820
672 469
451 76
430 867
497 468
910 712
364 919
655 436
580 785
513 457
860 683
486 458
768 472
490 89
936 775
663 367
653 403
800 702
846 788
439 890
343 784
477 523
459 894
422 91
612 340
881 418
665 647
488 927
574 373
318 951
580 535
381 57
578 904
529 432
424 941
564 835
462 915
604 438
711 692
575 526
661 448
585 331
1000 582
694 324
715 435
531 377
916 669
319 988
629 379
748 383
550 545
817 728
886 630
369 882
464 790
459 892
923 675
263 731
910 658
954 676
955 758
463 15
339 995
548 384
646 127
615 529
530 491
892 599
857 656
718 361
620 399
713 410
695 486
379 965
910 765
764 542
746 566
576 472
409 909
758 330
638 454
788 471
395 814
601 815
599 443
612 452
517 665
471 427
684 451
314 942
642 441
467 104
427 886
449 692
720 420
603 776
785 108
705 286
861 753
253 757
582 120
859 725
930 746
707 355
708 496
356 949
194 998
721 392
523 914
249 8
569 530
634 437
697 596
800 653
388 283
610 597
628 541
406 480
519 35
960 884
1000 655
891 715
375 465
653 335
881 810
476 502
512 6
314 80
372 452
796 503
708 436
980 890
821 409
459 846
587 505
396 901
715 374
469 73
528 455
714 162
436 399
441 504
677 307
389 851
979 797
691 762
694 486
322 213
600 75
458 506
368 879
782 605
700 177
553 57
650 469
361 931
535 162
911 691
779 427
580 467
584 169
711 433
485 490
968 639
469 82
538 432
423 126
649 580
741 403
714 575
630 532
937 664
696 451
698 403
561 303
316 878
476 920
503 81
414 875
368 922
966 709
482 907
426 613
619 443
319 189
696 579
561 392
759 434
549 403
498 309
697 697
695 444
385 778
509 466
276 695
383 737
566 572
727 389
693 465
854 859
855 780
449 817
702 359
534 381
514 94
782 608
691 459
953 734
911 584
734 515
794 421
930 603
465 430
715 395
605 486
925 589
903 700
568 459
86 841
936 814
549 796
411 888
953 696
447 81
933 643
696 450
956 648
649 450
936 782
633 463
839 490
542 792
313 985
760 439
374 822
552 70
851 771
926 659
382 872
583 543
677 320
715 473
901 671
663 399
408 731
897 704
929 716
542 495
489 528
713 468
469 846
651 455
261 63
683 408
434 996
788 856
978 757
623 345
543 811
653 493
379 843
506 537
496 106
383 774
462 553
430 887
302 731
406 888
610 449
532 555
564 430
534 722
695 476
434 879
682 386
548 215
352 885
415 527
353 967
896 713
540 259
480 99
839 438
365 542
590 403
481 887
502 470
319 886
439 0
927 975
864 824
462 863
630 506
599 377
367 989
550 29
700 450
542 469
703 490
667 751
364 868
790 67
648 405
491 754
320 938
389 659
568 443
576 450
584 364
333 868
762 894
834 595
430 114
423 911
807 652
522 548
662 421
585 319
418 848
604 518
812 478
638 504
509 877
732 547
927 682
540 734
738 408
417 762
473 879
520 472
593 467
394 842
965 697
515 504
462 96
944 706
656 462
484 966
632 71
966 732
362 792
864 521
878 724
246 855
669 545
438 908
591 551
803 761
889 884
660 404
517 469
0 2 8 7 5 3 7 6 3 10 2 1 8 8 8 8 4 9 7 9 4 10 4 1 2 1 9 4 4 5 8 2 9 3 1 8 2 8 3 3 2 4 3 2 7 7 9 1 5 7 10 5 9 7 7 1 3 5 9 5 4 5 9 4 4 7 8 1 8 7 2 9 5 1 6 8 4 10 9 8 4 2 8 1 5 2 7 3 1 2 6 5 10 9 6 8 6 1 8 3 8 9 2 9 8 8 2 7 4 10 5 4 10 9 9 7 6 7 10 10 5 6 1 3 4 1 5 8 3 1 4 4 3 8 6 8 1 2 2 8 9 6 10 3 1 5 6 1 4 4 10 8 10 5 5 8 10 1 2 7 4 3 4 4 6 3 1 8 9 8 5 1 2 2 10 9 4 7 7 2 1 4 2 9 6 6 8 9 1 10 2 10 6 4 9 10 1 8 1 4 2 4 2 5 5 9 1 5 7 2 4 1 1 9 3 8 1 4 9 5 8 2 10 1 6 1 9 3 9 4 1 10 8 6 4 8 2 7 8 7 7 6 6 5 6 1 8 10 1 6 1 6 5 6 2 4 4 1 6 10 4 1 8 1 3 1 10 1 5 10 6 7 4 5 4 4 10 10 1 8 5 10 2 9 5 4 3 3 6 9 8 3 9 3 7 10 6 5 10 1 7 7 10 10 3 6 9 7 4 9 8 6 1 1 3 5 10 9 7 2 10 2 7 8 7 9 2 1 4 4 7 7 1 2 6 1 4 6 9 2 2 8 5 9 7 6 4 3 3 2 2 5 5 8 3 6 9 3 9 8 6 6 8 10 10 5 10 2 5 1 7 10 7 1 6 10 10 1 6 1 8 3 1 6 8 1 5 5 10 4 3 6 9 7 6 8 6 8 6 9 2 8 2 8 2 7 8 3 7 4 9 8 6 6 10 9 6 10 5 5 1 6 10 8 1 3 9 10 3 3 9 5 3 3 4 7 8 9 4 3 8 10 3 4 2 1 4 9 8 1 3 5 6 9 5 9 10 2 9 5 2 1 6 4 8 3 5 5 10 9 1 3 10 7 9 8 6 9 9 9 2 10 8 3 8 5 4 3 4 8 6 2 8 3 1 1 2 5 3 1 10 7 5 8 10 1 7 8 3 4 10 3 5 3 2 9 9 6 1 3 10 10 10 10 2 2 10 9 5 4 10 4 10 6 9 2 6 8 7 4 5 5 3 6 4 8 4 2 2 3 1 4 6 4 1 9 8 9 7 3 4 9 5 4 4 7 10 9 7 5 10 5 6 5 2 1 9 1 5 1 9 8 2 10 10 6 10 7 8 5 9 6 7 4 9 9 4 1 3 2 9 8 5 10 6 5 3 4 7 8 5 4 5 2 6 4 10 3 8 4 5 2 1 3 1 7 3 8 3 1 3 7 2 5 4 8 1 7 2 6 4 6 5 2 1 7 1 2 4 1 3 8 3 2 8 8 5 4 7 1 4 7 6 6 2 1 6 8 2 2 3 4 1 2 5 3 1 5 10 6 10 7 7 8 3 5 4 4 5 3 10 6 10 1 7 4 7 4 2 9 2 
