502
13
0 0
159 917
635 200
278 907
667 141
119 954
29 448
590 87
375 990
511 374
298 957
107 911
323 766
161 892
151 912
438 1000
284 933
724 191
286 940
144 785
672 157
759 176
553 179
625 167
133 924
695 73
149 946
599 162
305 712
229 709
332 874
756 143
696 248
94 777
381 975
224 928
414 951
910 190
749 162
668 273
146 786
17 793
255 883
326 837
549 226
137 868
74 977
618 248
328 898
62 802
177 914
646 208
666 142
591 205
163 873
721 164
623 153
333 956
237 874
729 102
330 896
192 949
446 930
148 897
92 876
389 942
131 847
237 990
594 149
780 190
719 271
168 982
278 911
256 896
279 903
613 47
597 187
440 296
320 872
261 925
301 931
599 218
227 860
591 189
319 992
617 172
118 839
117 909
578 300
503 966
232 907
34 955
191 816
273 42
171 877
132 920
113 906
581 125
138 910
149 870
622 303
278 845
587 60
234 818
310 832
568 227
711 167
728 251
185 937
110 840
254 945
140 937
238 919
9 875
97 799
804 100
243 927
310 938
171 826
677 213
708 166
151 931
262 920
121 769
149 660
199 749
78 738
323 963
63 799
233 931
693 170
673 156
213 980
620 191
125 946
748 117
250 926
661 327
147 831
181 923
548 235
682 157
263 898
469 339
144 915
569 234
577 450
598 231
693 229
227 952
211 643
12 942
288 969
734 312
641 37
241 761
618 206
156 915
712 391
74 787
705 109
240 902
603 338
572 363
620 204
272 925
652 231
585 299
107 789
617 223
242 907
601 240
453 388
301 889
246 818
356 916
681 238
607 119
351 970
159 896
582 156
472 257
143 878
113 926
236 888
738 73
677 194
716 196
532 304
334 772
514 326
220 712
631 121
531 262
707 228
617 160
624 151
609 191
599 228
210 727
481 78
239 749
650 373
550 138
393 807
195 806
81 873
375 829
506 104
104 898
674 225
271 910
222 806
655 37
324 847
622 54
399 213
101 875
668 402
30 895
241 842
627 176
869 235
812 223
561 286
171 973
582 242
192 858
651 183
175 840
365 946
215 770
125 924
296 984
682 174
165 846
136 982
397 821
185 807
236 972
278 948
338 880
759 215
498 51
177 962
253 878
190 865
612 266
204 902
169 877
101 877
586 247
242 885
235 775
585 201
592 164
461 897
652 246
267 899
204 860
298 852
156 936
135 977
268 927
303 918
110 877
625 248
265 857
592 325
715 115
565 376
306 759
208 961
120 892
115 963
33 726
750 227
432 927
97 802
552 303
257 846
191 873
595 189
190 815
175 949
359 932
458 246
175 872
486 173
320 818
207 945
32 894
183 837
76 937
154 972
215 886
647 225
90 963
635 199
310 860
757 281
528 222
187 947
568 144
179 893
429 939
323 841
527 77
116 883
792 274
611 282
170 927
776 408
136 925
161 968
575 237
283 911
684 269
303 957
98 843
608 145
136 934
412 885
435 879
421 265
189 916
296 925
394 969
161 856
222 947
189 816
470 256
239 875
171 888
433 776
434 170
205 941
55 872
354 803
612 189
135 857
664 215
145 863
740 71
102 946
592 250
519 99
214 884
402 983
593 174
118 922
738 121
41 948
350 705
544 124
196 681
160 889
159 858
654 195
782 275
328 864
605 668
241 885
740 404
266 914
717 180
458 81
684 230
301 860
180 920
301 865
294 964
383 912
559 143
747 383
433 966
563 258
827 145
294 784
147 707
173 944
298 915
175 923
333 919
280 869
596 219
614 286
104 861
279 771
188 938
100 840
117 866
722 126
215 853
276 893
444 296
547 286
213 803
86 990
173 947
672 173
130 983
360 987
718 192
66 817
657 97
33 914
649 414
680 208
623 266
678 101
270 864
620 232
335 935
451 57
295 987
101 738
359 881
158 934
182 919
717 177
653 54
683 139
381 928
277 962
645 238
608 267
625 217
565 76
523 188
519 855
165 947
305 922
406 294
125 702
227 858
774 36
611 204
107 703
209 979
557 175
80 903
172 890
203 984
665 200
230 892
138 914
270 872
702 198
737 258
150 975
666 196
174 804
266 959
142 936
142 976
79 750
208 836
439 240
438 339
841 230
289 910
191 888
309 861
242 958
408 932
243 954
616 200
729 281
642 230
707 106
395 678
134 820
514 197
547 236
660 98
0 923
190 870
302 673
50 967
79 930
628 254
3 965
159 988
613 252
229 833
343 877
255 772
626 246
332 921
214 861
200 882
117 872
119 964
370 865
632 243
304 893
52 899
434 232
288 773
301 905
284 799
0 1 1 1 1 1 1 1 1 1 1 1 1 1 1 1 1 1 1 1 1 1 1 1 1 1 1 1 1 1 1 1 1 1 1 1 1 1 1 1 1 1 1 1 1 1 1 1 1 1 1 1 1 1 1 1 1 1 1 1 1 1 1 1 1 1 1 1 1 1 1 1 1 1 1 1 1 1 1 1 1 1 1 1 1 1 1 1 1 1 1 1 1 1 1 1 1 1 1 1 1 1 1 1 1 1 1 1 1 1 1 1 1 1 1 1 1 1 1 1 1 1 1 1 1 1 1 1 1 1 1 1 1 1 1 1 1 1 1 1 1 1 1 1 1 1 1 1 1 1 1 1 1 1 1 1 1 1 1 1 1 1 1 1 1 1 1 1 1 1 1 1 1 1 1 1 1 1 1 1 1 1 1 1 1 1 1 1 1 1 1 1 1 1 1 1 1 1 1 1 1 1 1 1 1 1 1 1 1 1 1 1 1 1 1 1 1 1 1 1 1 1 1 1 1 1 1 1 1 1 1 1 1 1 1 1 1 1 1 1 1 1 1 1 1 1 1 1 1 1 1 1 1 1 1 1 1 1 1 1 1 1 1 1 1 1 1 1 1 1 1 1 1 1 1 1 1 1 1 1 1 1 1 1 1 1 1 1 1 1 1 1 1 1 1 1 1 1 1 1 1 1 1 1 1 1 1 1 1 1 1 1 1 1 1 1 1 1 1 1 1 1 1 1 1 1 1 1 1 1 1 1 1 1 1 1 1 1 1 1 1 1 1 1 1 1 1 1 1 1 1 1 1 1 1 1 1 1 1 1 1 1 1 1 1 1 1 1 1 1 1 1 1 1 1 1 1 1 1 1 1 1 1 1 1 1 1 1 1 1 1 1 1 1 1 1 1 1 1 1 1 1 1 1 1 1 1 1 1 1 1 1 1 1 1 1 1 1 1 1 1 1 1 1 1 1 1 1 1 1 1 1 1 1 1 1 1 1 1 1 1 1 1 1 1 1 1 1 1 1 1 1 1 1 1 1 1 1 1 1 1 1 1 1 1 1 1 1 1 1 1 1 1 1 1 1 1 1 1 1 1 1 1 1 1 1 1 1 1 1 1 1 1 1 1 1 1 1 1 1 1 1 
